       0.0000   5.0000E-19
       0.0010   5.0000E-19
       0.0020   5.0000E-19
       0.0030   5.0000E-19
       0.0050   5.0000E-19
       0.0067   5.0000E-19
       0.0070   4.9833E-19
       0.0085   4.9083E-19
       0.0100   4.8333E-19
       0.0150   4.5833E-19
       0.0200   4.3332E-19
       0.0267   4.0000E-19
       0.0300   3.9116E-19
       0.0400   3.6466E-19
       0.0440   3.5406E-19
       0.0470   3.4610E-19
       0.0500   3.3815E-19
       0.0550   3.2490E-19
       0.0600   3.1165E-19
       0.0667   2.9400E-19
       0.0700   2.8890E-19
       0.0730   2.8432E-19
       0.0750   2.8126E-19
       0.0800   2.7363E-19
       0.0850   2.6599E-19
       0.0889   2.6000E-19
       0.0900   2.5902E-19
       0.1000   2.4990E-19
       0.1100   2.4077E-19
       0.1185   2.3300E-19
       0.1200   2.3191E-19
       0.1500   2.0987E-19
       0.1580   2.0400E-19
       0.1700   1.9852E-19
       0.2000   1.8485E-19
       0.2106   1.8000E-19
       0.2500   1.6763E-19
       0.2806   1.5800E-19
       0.3000   1.5388E-19
       0.3500   1.4324E-19
       0.3746   1.3800E-19
       0.4000   1.3476E-19
       0.5000   1.2200E-19
       0.5000   1.2200E-19
       0.5160   1.2041E-19
       0.6000   1.1209E-19
       0.6666   1.0550E-19
       0.7000   1.0347E-19
       0.7540   1.0020E-19
       0.8000   9.7411E-20
       0.8892   9.2000E-20
       0.9000   9.1528E-20
       1.0000   8.7135E-20
       1.1852   7.9000E-20
       1.2000   7.8550E-20
       1.3000   7.5510E-20
       1.4000   7.2469E-20
       1.4532   7.0851E-20
       1.5000   6.9428E-20
       1.5215   6.8774E-20
       1.5798   6.7000E-20
       1.6737   6.5308E-20
       1.7000   6.4832E-20
       1.8000   6.3028E-20
       1.8410   6.2288E-20
       1.9000   6.1224E-20
       2.0000   5.9420E-20
       2.0251   5.8967E-20
       2.1000   5.7616E-20
       2.1065   5.7500E-20
       2.1500   5.6976E-20
       2.2000   5.6375E-20
       2.2276   5.6042E-20
       2.3000   5.5172E-20
       2.4504   5.3362E-20
       2.5000   5.2766E-20
       2.6954   5.0415E-20
       2.7000   5.0360E-20
       2.8000   4.9157E-20
       2.8131   4.9000E-20
       2.9650   4.7616E-20
       3.0000   4.7297E-20
       3.2615   4.4916E-20
       3.3000   4.4565E-20
       3.5876   4.1945E-20
       3.6000   4.1832E-20
       3.7000   4.0922E-20
       3.7463   4.0500E-20
       3.9464   3.9414E-20
       4.0000   3.9123E-20
       4.3410   3.7273E-20
       4.5000   3.6410E-20
       4.7752   3.4917E-20
       4.9995   3.3700E-20
       5.0000   3.3698E-20
       5.2527   3.2758E-20
       5.7779   3.0804E-20
       6.0000   2.9978E-20
       6.3557   2.8654E-20
       6.6660   2.7500E-20
       6.9913   2.6755E-20
       7.0000   2.6735E-20
       7.6904   2.5153E-20
       8.0000   2.4444E-20
       8.4595   2.3392E-20
       8.8924   2.2400E-20
       8.9000   2.2387E-20
       9.0000   2.2215E-20
       9.3054   2.1688E-20
      10.0000   2.0492E-20
      10.2360   2.0085E-20
      11.0000   1.8768E-20
      11.2596   1.8321E-20
      11.3000   1.8251E-20
      11.7000   1.7562E-20
      11.7500   1.7476E-20
      11.8000   1.7390E-20
      11.8521   1.7300E-20
      11.8800   1.7272E-20
      12.0000   1.7150E-20
      12.2500   1.6897E-20
      12.3855   1.6759E-20
      12.4000   1.6745E-20
      12.5000   1.6643E-20
      12.9000   1.6238E-20
      13.0000   1.6137E-20
      13.5000   1.5630E-20
      13.6241   1.5504E-20
      14.0000   1.5123E-20
      14.9865   1.4123E-20
      15.0000   1.4109E-20
      15.4000   1.3704E-20
      15.5000   1.3602E-20
      15.6000   1.3501E-20
      15.7984   1.3300E-20
      16.0000   1.3174E-20
      16.4851   1.2870E-20
      16.6000   1.2798E-20
      17.0000   1.2547E-20
      18.0000   1.1920E-20
      18.1336   1.1837E-20
      19.0000   1.1294E-20
      19.5000   1.0980E-20
      19.9470   1.0700E-20
      20.0000   1.0667E-20
      21.0000   1.0040E-20
      21.0646   1.0000E-20
      21.9417   9.6773E-21
      22.0000   9.6558E-21
      23.0000   9.2878E-21
      24.0000   8.9199E-21
      24.1359   8.8699E-21
      25.0000   8.5519E-21
      26.0000   8.1839E-21
      26.5494   7.9818E-21
      27.0000   7.8160E-21
      28.0000   7.4480E-21
      28.1305   7.4000E-21
      29.0000   7.2137E-21
      29.2044   7.1699E-21
      30.0000   6.9994E-21
      31.0000   6.7850E-21
      32.0000   6.5707E-21
      32.1248   6.5440E-21
      33.0000   6.3564E-21
      34.0000   6.1421E-21
      35.0000   5.9278E-21
      35.3373   5.8555E-21
      36.0000   5.7135E-21
      37.0000   5.4992E-21
      37.4629   5.4000E-21
      38.0000   5.3314E-21
      39.0000   5.2038E-21
      40.0000   5.0761E-21
      41.0000   4.9484E-21
      42.0000   4.8207E-21
      43.0000   4.6931E-21
      44.0000   4.5654E-21
      45.0000   4.4377E-21
      46.0000   4.3101E-21
      47.0000   4.1824E-21
      48.0000   4.0547E-21
      49.0000   3.9270E-21
      49.9950   3.8000E-21
      50.0000   3.7997E-21
      51.0000   3.7306E-21
      52.0000   3.6616E-21
      53.0000   3.5926E-21
      53.0060   3.5922E-21
      54.0000   3.5236E-21
      55.0000   3.4546E-21
      56.0000   3.3856E-21
      57.0000   3.3166E-21
      58.0000   3.2476E-21
      59.0000   3.1786E-21
      60.0000   3.1096E-21
      61.0000   3.0406E-21
      62.0000   2.9716E-21
      63.0000   2.9026E-21
      64.0000   2.8336E-21
      65.0000   2.7646E-21
      66.0000   2.6955E-21
      66.6600   2.6500E-21
      67.0000   2.6375E-21
      68.0000   2.6006E-21
      69.0000   2.5638E-21
      70.0000   2.5270E-21
      71.0000   2.4902E-21
      72.0000   2.4533E-21
      73.0000   2.4165E-21
      74.0000   2.3797E-21
      75.0000   2.3428E-21
      76.0000   2.3060E-21
      77.0000   2.2692E-21
      78.0000   2.2323E-21
      79.0000   2.1955E-21
      79.5089   2.1768E-21
      80.0000   2.1587E-21
      81.0000   2.1219E-21
      82.0000   2.0850E-21
      83.0000   2.0482E-21
      84.0000   2.0114E-21
      85.0000   1.9745E-21
      86.0000   1.9377E-21
      87.0000   1.9009E-21
      88.0000   1.8640E-21
      88.9244   1.8300E-21
      89.0000   1.8285E-21
      90.0000   1.8082E-21
      91.0000   1.7879E-21
      92.0000   1.7677E-21
      93.0000   1.7474E-21
      94.0000   1.7271E-21
      95.0000   1.7068E-21
      96.0000   1.6866E-21
      97.0000   1.6663E-21
      98.0000   1.6460E-21
      99.0000   1.6257E-21
     100.0000   1.6055E-21
     101.0000   1.5852E-21
     118.5215   1.2300E-21
     119.2634   1.2221E-21
     125.0000   1.1610E-21
     150.0000   8.9498E-22
     157.9842   8.1000E-22
     178.8951   6.9882E-22
     200.0000   5.8660E-22
     210.6456   5.3000E-22
     268.3427   3.7338E-22
     280.6386   3.4000E-22
     300.0000   3.1322E-22
     374.6292   2.1000E-22
     400.0000   1.9137E-22
     402.5140   1.8953E-22
     499.9500   1.1800E-22
     500.0000   1.1799E-22
     600.0000   9.0383E-23
     603.7711   8.9343E-23
     666.6000   7.2000E-23
     700.0000   6.7950E-23
     800.0000   5.5823E-23
     889.2444   4.5000E-23
     900.0000   4.4346E-23
     905.6568   4.4002E-23
    1000.0000   3.8264E-23
    1185.2148   2.7000E-23
    1358.4848   2.2398E-23
    1500.0000   1.8639E-23
    1580.5086   1.6500E-23
    2000.0000   1.1329E-23
    2037.7275   1.0864E-23
    2107.7892   1.0000E-23
    2811.0522   6.2000E-24
    3000.0000   5.7162E-24
    3056.5910   5.5712E-24
    3748.2918   3.8000E-24
    4584.8861   2.8300E-24
    4998.8334   2.3500E-24
    5000.0000   2.3494E-24
    6666.0000   1.4500E-24
    6877.3322   1.4500E-24
    7000.0000   1.4500E-24
   10000.0000   1.4500E-24
 1000000.0000   1.4500E-24
  
       0.0000   0.0000E+00
       0.0010   0.0000E+00
       0.0020   0.0000E+00
       0.0030   0.0000E+00
       0.0050   0.0000E+00
       0.0067   0.0000E+00
       0.0070   0.0000E+00
       0.0085   0.0000E+00
       0.0100   0.0000E+00
       0.0150   0.0000E+00
       0.0200   0.0000E+00
       0.0267   0.0000E+00
       0.0300   0.0000E+00
       0.0400   0.0000E+00
       0.0440   0.0000E+00
       0.0470   0.0000E+00
       0.0500   0.0000E+00
       0.0550   0.0000E+00
       0.0600   0.0000E+00
       0.0667   0.0000E+00
       0.0700   0.0000E+00
       0.0730   0.0000E+00
       0.0750   0.0000E+00
       0.0800   0.0000E+00
       0.0850   0.0000E+00
       0.0889   0.0000E+00
       0.0900   0.0000E+00
       0.1000   0.0000E+00
       0.1100   0.0000E+00
       0.1185   0.0000E+00
       0.1200   0.0000E+00
       0.1500   0.0000E+00
       0.1580   0.0000E+00
       0.1700   0.0000E+00
       0.2000   0.0000E+00
       0.2106   0.0000E+00
       0.2500   0.0000E+00
       0.2806   0.0000E+00
       0.3000   0.0000E+00
       0.3500   0.0000E+00
       0.3746   0.0000E+00
       0.4000   0.0000E+00
       0.5000   0.0000E+00
       0.5000   0.0000E+00
       0.5160   0.0000E+00
       0.6000   0.0000E+00
       0.6666   0.0000E+00
       0.7000   0.0000E+00
       0.7540   0.0000E+00
       0.8000   0.0000E+00
       0.8892   0.0000E+00
       0.9000   0.0000E+00
       1.0000   0.0000E+00
       1.1852   0.0000E+00
       1.2000   0.0000E+00
       1.3000   0.0000E+00
       1.4000   0.0000E+00
       1.4532   0.0000E+00
       1.5000   1.0619E-21
       1.5215   1.5499E-21
       1.5798   2.6334E-21
       1.6737   4.3761E-21
       1.7000   4.7865E-21
       1.8000   6.3448E-21
       1.8410   6.9842E-21
       1.9000   7.7713E-21
       2.0000   9.1061E-21
       2.0251   9.4416E-21
       2.1000   1.0305E-20
       2.1065   1.0379E-20
       2.1500   1.0881E-20
       2.2000   1.1458E-20
       2.2276   1.1777E-20
       2.3000   1.2501E-20
       2.4504   1.4006E-20
       2.5000   1.4439E-20
       2.6954   1.6142E-20
       2.7000   1.6177E-20
       2.8000   1.6938E-20
       2.8131   1.7037E-20
       2.9650   1.8193E-20
       3.0000   1.8426E-20
       3.2615   2.0165E-20
       3.3000   2.0389E-20
       3.5876   2.2064E-20
       3.6000   2.2127E-20
       3.7000   2.2637E-20
       3.7463   2.2873E-20
       3.9464   2.3893E-20
       4.0000   2.4132E-20
       4.3410   2.5656E-20
       4.5000   2.6277E-20
       4.7752   2.7353E-20
       4.9995   2.8121E-20
       5.0000   2.8123E-20
       5.2527   2.8987E-20
       5.7779   3.0558E-20
       6.0000   3.1138E-20
       6.3557   3.2065E-20
       6.6660   3.2770E-20
       6.9913   3.3508E-20
       7.0000   3.3525E-20
       7.6904   3.4883E-20
       8.0000   3.5409E-20
       8.4595   3.6190E-20
       8.8924   3.6821E-20
       8.9000   3.6832E-20
       9.0000   3.6978E-20
       9.3054   3.7424E-20
      10.0000   3.8288E-20
      10.2360   3.8581E-20
      11.0000   3.9385E-20
      11.2596   3.9658E-20
      11.3000   3.9694E-20
      11.7000   4.0046E-20
      11.7500   4.0090E-20
      11.8000   4.0134E-20
      11.8521   4.0180E-20
      11.8800   4.0204E-20
      12.0000   4.0310E-20
      12.2500   4.0530E-20
      12.3855   4.0649E-20
      12.4000   4.0660E-20
      12.5000   4.0732E-20
      12.9000   4.1023E-20
      13.0000   4.1096E-20
      13.5000   4.1459E-20
      13.6241   4.1549E-20
      14.0000   4.1770E-20
      14.9865   4.2351E-20
      15.0000   4.2358E-20
      15.4000   4.2544E-20
      15.5000   4.2591E-20
      15.6000   4.2638E-20
      15.7984   4.2730E-20
      16.0000   4.2824E-20
      16.4851   4.3051E-20
      16.6000   4.3092E-20
      17.0000   4.3235E-20
      18.0000   4.3592E-20
      18.1336   4.3640E-20
      19.0000   4.3867E-20
      19.5000   4.3997E-20
      19.9470   4.4114E-20
      20.0000   4.4124E-20
      21.0000   4.4301E-20
      21.0646   4.4312E-20
      21.9417   4.4467E-20
      22.0000   4.4474E-20
      23.0000   4.4577E-20
      24.0000   4.4681E-20
      24.1359   4.4695E-20
      25.0000   4.4731E-20
      26.0000   4.4773E-20
      26.5494   4.4796E-20
      27.0000   4.4792E-20
      28.0000   4.4782E-20
      28.1305   4.4780E-20
      29.0000   4.4772E-20
      29.2044   4.4770E-20
      30.0000   4.4729E-20
      31.0000   4.4678E-20
      32.0000   4.4626E-20
      32.1248   4.4620E-20
      33.0000   4.4548E-20
      34.0000   4.4466E-20
      35.0000   4.4384E-20
      35.3373   4.4356E-20
      36.0000   4.4283E-20
      37.0000   4.4174E-20
      37.4629   4.4123E-20
      38.0000   4.4064E-20
      39.0000   4.3955E-20
      40.0000   4.3845E-20
      41.0000   4.3735E-20
      42.0000   4.3626E-20
      43.0000   4.3516E-20
      44.0000   4.3406E-20
      45.0000   4.3297E-20
      46.0000   4.3187E-20
      47.0000   4.3078E-20
      48.0000   4.2968E-20
      49.0000   4.2858E-20
      49.9950   4.2749E-20
      50.0000   4.2749E-20
      51.0000   4.2639E-20
      52.0000   4.2530E-20
      53.0000   4.2420E-20
      53.0060   4.2419E-20
      54.0000   4.2379E-20
      55.0000   4.2338E-20
      56.0000   4.2296E-20
      57.0000   4.2255E-20
      58.0000   4.2214E-20
      59.0000   4.2173E-20
      60.0000   4.2132E-20
      61.0000   4.2091E-20
      62.0000   4.2050E-20
      63.0000   4.2009E-20
      64.0000   4.1968E-20
      65.0000   4.1927E-20
      66.0000   4.1886E-20
      66.6600   4.1859E-20
      67.0000   4.1845E-20
      68.0000   4.1804E-20
      69.0000   4.1763E-20
      70.0000   4.1722E-20
      71.0000   4.1681E-20
      72.0000   4.1640E-20
      73.0000   4.1599E-20
      74.0000   4.1558E-20
      75.0000   4.1517E-20
      76.0000   4.1476E-20
      77.0000   4.1435E-20
      78.0000   4.1394E-20
      79.0000   4.1353E-20
      79.5089   4.1332E-20
      80.0000   4.1377E-20
      81.0000   4.1469E-20
      82.0000   4.1560E-20
      83.0000   4.1652E-20
      84.0000   4.1744E-20
      85.0000   4.1836E-20
      86.0000   4.1928E-20
      87.0000   4.2019E-20
      88.0000   4.2111E-20
      88.9244   4.2196E-20
      89.0000   4.2203E-20
      90.0000   4.2295E-20
      91.0000   4.2387E-20
      92.0000   4.2478E-20
      93.0000   4.2570E-20
      94.0000   4.2662E-20
      95.0000   4.2754E-20
      96.0000   4.2846E-20
      97.0000   4.2938E-20
      98.0000   4.3029E-20
      99.0000   4.3121E-20
     100.0000   4.3213E-20
     101.0000   4.3305E-20
     118.5215   4.4913E-20
     119.2634   4.4981E-20
     125.0000   4.6031E-20
     150.0000   5.0607E-20
     157.9842   5.2068E-20
     178.8951   5.5895E-20
     200.0000   5.9886E-20
     210.6456   6.1899E-20
     268.3427   7.2808E-20
     280.6386   7.4511E-20
     300.0000   7.7193E-20
     374.6292   8.7528E-20
     400.0000   9.1042E-20
     402.5140   9.1390E-20
     499.9500   9.9007E-20
     500.0000   9.9011E-20
     600.0000   1.0683E-19
     603.7711   1.0712E-19
     666.6000   1.0922E-19
     700.0000   1.1034E-19
     800.0000   1.1368E-19
     889.2444   1.1667E-19
     900.0000   1.1703E-19
     905.6568   1.1721E-19
    1000.0000   1.1794E-19
    1185.2148   1.1937E-19
    1358.4848   1.2071E-19
    1500.0000   1.2017E-19
    1580.5086   1.1986E-19
    2000.0000   1.1826E-19
    2037.7275   1.1811E-19
    2107.7892   1.1761E-19
    2811.0522   1.1259E-19
    3000.0000   1.1124E-19
    3056.5910   1.1084E-19
    3748.2918   1.0621E-19
    4584.8861   1.0061E-19
    4998.8334   9.8506E-20
    5000.0000   9.8500E-20
    6666.0000   9.0042E-20
    6877.3322   8.8969E-20
    7000.0000   8.8969E-20
   10000.0000   8.8969E-20
 1000000.0000   8.8969E-20
  
