       0.0000   1.0000E-19
       0.0010   1.0000E-19
       0.0020   1.0000E-19
       0.0030   1.0000E-19
       0.0050   1.0000E-19
       0.0067   1.0000E-19
       0.0070   1.0000E-19
       0.0085   1.0000E-19
       0.0100   1.0000E-19
       0.0150   1.0000E-19
       0.0200   1.0000E-19
       0.0267   1.0000E-19
       0.0300   1.0000E-19
       0.0400   1.0000E-19
       0.0440   1.0000E-19
       0.0470   1.0000E-19
       0.0500   1.0000E-19
       0.0550   1.0000E-19
       0.0600   1.0000E-19
       0.0667   1.0000E-19
       0.0700   1.0000E-19
       0.0730   1.0000E-19
       0.0750   1.0000E-19
       0.0800   1.0000E-19
       0.0850   1.0000E-19
       0.0889   1.0000E-19
       0.0900   1.0000E-19
       0.1000   1.0000E-19
       0.1100   1.0000E-19
       0.1185   1.0000E-19
       0.1200   1.0000E-19
       0.1500   1.0000E-19
       0.1580   1.0000E-19
       0.1700   1.0000E-19
       0.2000   1.0000E-19
       0.2106   1.0000E-19
       0.2500   1.0000E-19
       0.2806   1.0000E-19
       0.3000   1.0000E-19
       0.3500   1.0000E-19
       0.3746   1.0000E-19
       0.4000   1.0000E-19
       0.5000   1.0000E-19
       0.5000   1.0000E-19
       0.5160   1.0000E-19
       0.6000   1.0000E-19
       0.6666   1.0000E-19
       0.7000   1.0000E-19
       0.7540   1.0000E-19
       0.8000   1.0000E-19
       0.8892   1.0000E-19
       0.9000   1.0000E-19
       1.0000   1.0000E-19
       1.1852   1.0000E-19
       1.2000   1.0000E-19
       1.3000   1.0000E-19
       1.4000   1.0000E-19
       1.4532   1.0000E-19
       1.5000   1.0000E-19
       1.5215   1.0000E-19
       1.5798   1.0000E-19
       1.6737   1.0000E-19
       1.7000   1.0000E-19
       1.8000   1.0000E-19
       1.8410   1.0000E-19
       1.9000   1.0000E-19
       2.0000   1.0000E-19
       2.0251   1.0000E-19
       2.1000   1.0000E-19
       2.1065   1.0000E-19
       2.1500   1.0000E-19
       2.2000   1.0000E-19
       2.2276   1.0000E-19
       2.3000   1.0000E-19
       2.4504   1.0000E-19
       2.5000   1.0000E-19
       2.6954   1.0000E-19
       2.7000   1.0000E-19
       2.8000   1.0000E-19
       2.8131   1.0000E-19
       2.9650   1.0000E-19
       3.0000   1.0000E-19
       3.2615   1.0000E-19
       3.3000   1.0000E-19
       3.5876   1.0000E-19
       3.6000   1.0000E-19
       3.7000   1.0000E-19
       3.7463   1.0000E-19
       3.9464   1.0000E-19
       4.0000   1.0000E-19
       4.3410   1.0000E-19
       4.5000   1.0000E-19
       4.7752   1.0000E-19
       4.9995   1.0000E-19
       5.0000   1.0000E-19
       5.2527   1.0000E-19
       5.7779   1.0000E-19
       6.0000   1.0000E-19
       6.3557   1.0000E-19
       6.6660   1.0000E-19
       6.9913   1.0000E-19
       7.0000   1.0000E-19
       7.6904   1.0000E-19
       8.0000   1.0000E-19
       8.4595   1.0000E-19
       8.8924   1.0000E-19
       8.9000   1.0000E-19
       9.0000   1.0000E-19
       9.3054   1.0000E-19
      10.0000   1.0000E-19
      10.2360   1.0000E-19
      11.0000   1.0000E-19
      11.2596   1.0000E-19
      11.3000   1.0000E-19
      11.7000   1.0000E-19
      11.7500   1.0000E-19
      11.8000   1.0000E-19
      11.8521   1.0000E-19
      11.8800   1.0000E-19
      12.0000   1.0000E-19
      12.2500   1.0000E-19
      12.3855   1.0000E-19
      12.4000   1.0000E-19
      12.5000   1.0000E-19
      12.9000   1.0000E-19
      13.0000   1.0000E-19
      13.5000   1.0000E-19
      13.6241   1.0000E-19
      14.0000   1.0000E-19
      14.9865   1.0000E-19
      15.0000   1.0000E-19
      15.4000   1.0000E-19
      15.5000   1.0000E-19
      15.6000   1.0000E-19
      15.7984   1.0000E-19
      16.0000   1.0000E-19
      16.4851   1.0000E-19
      16.6000   1.0000E-19
      17.0000   1.0000E-19
      18.0000   1.0000E-19
      18.1336   1.0000E-19
      19.0000   1.0000E-19
      19.5000   1.0000E-19
      19.9470   1.0000E-19
      20.0000   1.0000E-19
      21.0000   1.0000E-19
      21.0646   1.0000E-19
      21.9417   1.0000E-19
      22.0000   1.0000E-19
      23.0000   1.0000E-19
      24.0000   1.0000E-19
      24.1359   1.0000E-19
      25.0000   1.0000E-19
      26.0000   1.0000E-19
      26.5494   1.0000E-19
      27.0000   1.0000E-19
      28.0000   1.0000E-19
      28.1305   1.0000E-19
      29.0000   1.0000E-19
      29.2044   1.0000E-19
      30.0000   1.0000E-19
      31.0000   1.0000E-19
      32.0000   1.0000E-19
      32.1248   1.0000E-19
      33.0000   1.0000E-19
      34.0000   1.0000E-19
      35.0000   1.0000E-19
      35.3373   1.0000E-19
      36.0000   1.0000E-19
      37.0000   1.0000E-19
      37.4629   1.0000E-19
      38.0000   1.0000E-19
      39.0000   1.0000E-19
      40.0000   1.0000E-19
      41.0000   1.0000E-19
      42.0000   1.0000E-19
      43.0000   1.0000E-19
      44.0000   1.0000E-19
      45.0000   1.0000E-19
      46.0000   1.0000E-19
      47.0000   1.0000E-19
      48.0000   1.0000E-19
      49.0000   1.0000E-19
      49.9950   1.0000E-19
      50.0000   1.0000E-19
      51.0000   1.0000E-19
      52.0000   1.0000E-19
      53.0000   1.0000E-19
      53.0060   1.0000E-19
      54.0000   1.0000E-19
      55.0000   1.0000E-19
      56.0000   1.0000E-19
      57.0000   1.0000E-19
      58.0000   1.0000E-19
      59.0000   1.0000E-19
      60.0000   1.0000E-19
      61.0000   1.0000E-19
      62.0000   1.0000E-19
      63.0000   1.0000E-19
      64.0000   1.0000E-19
      65.0000   1.0000E-19
      66.0000   1.0000E-19
      66.6600   1.0000E-19
      67.0000   1.0000E-19
      68.0000   1.0000E-19
      69.0000   1.0000E-19
      70.0000   1.0000E-19
      71.0000   1.0000E-19
      72.0000   1.0000E-19
      73.0000   1.0000E-19
      74.0000   1.0000E-19
      75.0000   1.0000E-19
      76.0000   1.0000E-19
      77.0000   1.0000E-19
      78.0000   1.0000E-19
      79.0000   1.0000E-19
      79.5089   1.0000E-19
      80.0000   1.0000E-19
      81.0000   1.0000E-19
      82.0000   1.0000E-19
      83.0000   1.0000E-19
      84.0000   1.0000E-19
      85.0000   1.0000E-19
      86.0000   1.0000E-19
      87.0000   1.0000E-19
      88.0000   1.0000E-19
      88.9244   1.0000E-19
      89.0000   1.0000E-19
      90.0000   1.0000E-19
      91.0000   1.0000E-19
      92.0000   1.0000E-19
      93.0000   1.0000E-19
      94.0000   1.0000E-19
      95.0000   1.0000E-19
      96.0000   1.0000E-19
      97.0000   1.0000E-19
      98.0000   1.0000E-19
      99.0000   1.0000E-19
     100.0000   1.0000E-19
     101.0000   0.0000E+00
     118.5215   0.0000E+00
     119.2634   0.0000E+00
     125.0000   0.0000E+00
     150.0000   0.0000E+00
     157.9842   0.0000E+00
     178.8951   0.0000E+00
     200.0000   0.0000E+00
     210.6456   0.0000E+00
     268.3427   0.0000E+00
     280.6386   0.0000E+00
     300.0000   0.0000E+00
     374.6292   0.0000E+00
     400.0000   0.0000E+00
     402.5140   0.0000E+00
     499.9500   0.0000E+00
     500.0000   0.0000E+00
     600.0000   0.0000E+00
     603.7711   0.0000E+00
     666.6000   0.0000E+00
     700.0000   0.0000E+00
     800.0000   0.0000E+00
     889.2444   0.0000E+00
     900.0000   0.0000E+00
     905.6568   0.0000E+00
    1000.0000   0.0000E+00
    1185.2148   0.0000E+00
    1358.4848   0.0000E+00
    1500.0000   0.0000E+00
    1580.5086   0.0000E+00
    2000.0000   0.0000E+00
    2037.7275   0.0000E+00
    2107.7892   0.0000E+00
    2811.0522   0.0000E+00
    3000.0000   0.0000E+00
    3056.5910   0.0000E+00
    3748.2918   0.0000E+00
    4584.8861   0.0000E+00
    4998.8334   0.0000E+00
    5000.0000   0.0000E+00
    6666.0000   0.0000E+00
    6877.3322   0.0000E+00
    7000.0000   0.0000E+00
   10000.0000   0.0000E+00
 1000000.0000   0.0000E+00
  
